// vettore_a
53.1774257887016
58.3208527734925
53.8796564513203
36.5960038381320
49.8210980938997
53.8630255513049
49.7688832307925
74.8197763989799
61.9841652189530
61.2600609794759
70.4422591297480
62.1370938283494
47.9060076431539
47.0480624552814
44.9931183004167
68.0383262878939

        //vettor_in
68.5197817927425
68.0657482642345
63.8217783506839
55.0384531673322
55.8470171682608
54.0667840605675
54.2067732520960
66.0898527665596
83.8977193079839
94.8085760155773
88.6278863364581
101.820709779395
86.6662657635354
70.9965937618794
63.6804273434945
74.4111681799650
